Done reading file: 133
Done finding clusters: 248706
Cluster 1: [4 9 11 14 33 34 100 113 159 172 272 ]
Cluster 2: [5 7 20 22 27 54 57 81 125 157 181 245 251 263 284 293 ]
Cluster 3: [4 9 11 14 33 34 100 113 159 172 272 ]
Cluster 4: [4 9 11 14 33 34 100 113 159 172 272 ]
Cluster 5: [12 220 ]
Cluster 6: [4 9 11 14 33 34 100 113 159 172 272 ]
Cluster 7: [15 ]
Cluster 8: [5 7 20 22 27 54 57 81 125 157 181 245 251 263 284 293 ]
Cluster 9: [0 2 3 13 19 24 25 28 32 44 47 51 53 56 58 62 68 70 71 76 79 83 87 90 91 92 96 98 99 104 106 107 108 111 114 115 116 117 118 121 124 126 132 135 136 137 140 141 145 148 150 152 154 156 158 163 164 167 176 177 186 187 193 195 203 206 207 216 221 226 228 233 237 239 241 250 253 255 257 258 259 260 265 266 269 275 277 279 282 286 290 291 ]
Cluster 10: [29 66 119 138 ]
Cluster 11: [4 9 11 14 33 34 100 113 159 172 272 ]
Cluster 12: [5 7 20 22 27 54 57 81 125 157 181 245 251 263 284 293 ]
Cluster 13: [5 7 20 22 27 54 57 81 125 157 181 245 251 263 284 293 ]
Cluster 14: [72 ]
Cluster 15: [0 2 3 13 19 24 25 28 32 44 47 51 53 56 58 62 68 70 71 76 79 83 87 90 91 92 96 98 99 104 106 107 108 111 114 115 116 117 118 121 124 126 132 135 136 137 140 141 145 148 150 152 154 156 158 163 164 167 176 177 186 187 193 195 203 206 207 216 221 226 228 233 237 239 241 250 253 255 257 258 259 260 265 266 269 275 277 279 282 286 290 291 ]
Cluster 16: [10 18 36 38 41 50 73 74 80 86 89 105 110 120 122 129 143 155 161 162 165 166 168 175 183 189 191 197 223 224 230 232 234 235 236 243 244 252 256 262 268 270 287 288 298 ]
Cluster 17: [16 43 63 97 178 190 196 212 222 225 296 ]
Cluster 18: [4 9 11 14 33 34 100 113 159 172 272 ]
Cluster 19: [8 17 30 35 45 46 109 112 149 171 184 185 202 205 211 238 254 281 ]
Cluster 20: [123 ]
Cluster 21: [1 6 21 26 31 49 52 55 61 67 75 77 82 85 88 93 95 127 134 144 151 153 173 188 198 200 208 209 215 217 240 242 246 249 276 283 299 ]
Cluster 22: [37 59 94 102 128 139 142 147 160 169 180 192 213 218 229 247 248 280 295 ]
Cluster 23: [48 64 65 78 101 130 146 179 199 201 204 214 267 297 ]
Cluster 24: [84 131 ]
Cluster 25: [133 ]
Cluster 26: [5 7 20 22 27 54 57 81 125 157 181 245 251 263 284 293 ]
Cluster 27: [4 9 11 14 33 34 100 113 159 172 272 ]
Cluster 28: [4 9 11 14 33 34 100 113 159 172 272 ]
Cluster 29: [37 59 94 102 128 139 142 147 160 169 180 192 213 218 229 247 248 280 295 ]
Cluster 30: [5 7 20 22 27 54 57 81 125 157 181 245 251 263 284 293 ]
Cluster 31: [196 ]
Cluster 32: [48 64 65 78 101 130 146 179 199 201 204 214 267 297 ]
Cluster 33: [8 17 30 35 45 46 109 112 149 171 184 185 202 205 211 238 254 281 ]
Cluster 34: [40 103 170 174 182 219 227 289 ]
Cluster 35: [40 170 174 182 227 289 ]
Cluster 36: [5 7 20 22 27 54 57 81 125 157 181 245 251 263 284 293 ]
Cluster 37: [261 ]
Cluster 38: [264 ]
Cluster 39: [271 ]
Cluster 40: [37 59 94 102 128 139 142 147 160 169 180 192 213 218 229 247 248 280 295 ]
Cluster 41: [23 39 42 60 69 194 210 231 273 274 278 285 292 ]
Cluster 42: [5 7 20 22 27 54 57 81 125 157 181 245 251 263 284 293 ]
Cluster 43: [294 ]
Done output: 3
